3618000,-3.063300,-59.647800,2854286.000
3618001,-3.196100,-59.833600,2583079.000
3618051,-0.481700,-64.827200,279945.000
3618052,-0.200600,-66.802200,194462.000
3618053,0.371700,-67.312800,110862.000
3618090,1.215300,-66.852500,61781.000
3618110,1.074400,-67.594700,22282.000
3618120,0.209400,-69.378100,4198.000
3618121,0.249400,-69.785000,1617.000
3618130,-0.246100,-67.009200,10228.000
3618150,0.884200,-62.621900,14756.000
3618200,0.517800,-60.466100,8639.000
3618500,1.821400,-61.123600,124980.000
3618600,-0.858600,-60.520000,6589.000
3618700,5.030000,-60.500000,3340.000
3618710,4.630600,-60.470600,3075.000
3618711,4.167500,-60.528100,5815.000
3618715,4.196100,-60.793900,2428.000
3618720,3.207800,-60.571100,50985.000
3618721,3.438100,-61.036700,37430.000
3618722,3.549700,-63.169200,16065.000
3618730,2.870800,-61.440600,13658.000
3618731,2.731700,-62.017200,9300.000
3618950,0.476900,-69.128100,40506.000
3618951,0.130300,-68.538600,44732.000
3620000,-3.101700,-67.935600,1134540.000
3621000,-3.310600,-60.609400,2147736.000
3621400,-1.394700,-69.428300,197136.000
3622400,-4.340800,-70.905600,62105.000
3622401,-5.138900,-72.813600,16256.000
3622450,-4.579400,-71.413100,24351.000
3623100,-3.450000,-68.750000,990781.000
3624100,-7.446700,-73.664400,1136.630
3624120,-4.839200,-66.850600,162000.000
3624121,-6.440300,-68.246100,142234.000
3624122,-6.684400,-69.881100,77136.000
3624123,-7.055600,-71.689200,55806.000
3624160,-7.633100,-72.661700,38537.000
3624180,-8.934400,-72.789200,16581.000
3624190,-9.409700,-72.715800,10446.000
3624200,-4.221100,-67.892500,35880.000
3624201,-5.383100,-68.998300,10257.000
3624300,-7.428100,-70.022500,48317.000
3624301,-8.145800,-70.715300,16050.000
3624310,-8.163600,-70.356400,16400.000
3624320,-7.951100,-71.482200,2041.000
3624400,-4.292200,-65.201700,13708.000
3624500,-5.109200,-63.984700,8078.000
3625100,-10.999700,-68.761700,6712.000
3625110,-10.943600,-69.565600,4241.000
3625140,-10.651400,-68.506100,7579.410
3625150,-9.975000,-67.800800,22670.000
3625160,-9.066700,-67.396900,33469.000
3625200,-7.550000,-67.550000,23365.000
3625220,-6.319200,-64.886100,38270.000
3625310,-4.728600,-62.145300,359853.000
3625320,-6.537500,-64.383900,230012.000
3625340,-7.258100,-64.797500,226351.000
3625350,-7.715600,-66.999700,153016.000
3625360,-8.653300,-67.375000,103285.000
3625370,-9.043900,-68.577200,63166.000
3625380,-8.884200,-69.268100,33693.000
3625400,-9.374400,-68.723900,10471.000
3625450,-9.110300,-68.993300,6025.000
3627030,-5.816700,-61.301900,1150000.000
3627035,-7.502800,-63.018300,1090000.000
3627101,-7.957800,-62.042500,3550.000
3627551,-7.592800,-60.709400,59400.000
3627650,-7.207800,-60.650000,131000.000
3627651,-7.706700,-60.586700,70100.000
3627660,-7.739400,-60.576100,16300.000
3627700,-6.750000,-58.930000,14597.000
3627701,-6.795600,-59.042200,12700.000
3627900,-7.101400,-59.683300,4970.000
3628150,-2.223900,-55.956400,945.000
3628201,-1.065000,-57.061400,50650.000
3628202,-0.997800,-57.043100,37910.000
3628300,-1.438100,-57.826900,10615.000
3628400,-2.108900,-59.335300,20394.000
3628501,-0.694700,-57.974700,21400.000
3629100,-1.503060,-54.872780,20803.000
3629790,-7.614700,-57.950300,138000.000
3630010,-3.731400,-51.567500,24575.000
3630050,-3.214700,-52.212200,446203.000
3630120,-4.527800,-54.012500,123827.000
3630300,-1.778900,-54.397200,17072.000
3630600,-3.677200,-53.554200,2978.000
3630700,-13.140800,-54.445300,3860.000
3630900,-14.611100,-53.998600,1317.000
3631050,0.707500,-51.438890,29820.000
3631060,0.900560,-52.010000,10570.000
3631100,-0.567800,-52.569200,51343.000
3631110,-0.551900,-52.570300,4858.000
3631215,1.220800,-54.656900,5902.000
3631500,-3.836900,-50.629700,2682.000
3649010,-15.718330,-49.321670,1978.000
3649012,-15.275280,-49.551940,10538.000
3649030,-14.977500,-48.673890,11008.000
3649050,-15.496110,-49.690830,3650.000
3649900,-5.128100,-49.324200,731270.000
3649901,-5.338600,-49.124400,690920.000
3649950,-3.757780,-49.653330,742300.000
3649960,-5.486700,-49.221400,37600.000
3650150,-2.512780,-47.768060,38178.000
3650202,-1.800600,-46.316100,31850.000
3650205,-3.341100,-46.876900,14240.000
3650220,-1.858100,-46.708900,1444.000
3650221,-1.735300,-46.591400,1683.000
3650250,-2.053600,-45.955600,3300.000
3650270,-2.944200,-45.667200,4000.000
3650511,-3.121700,-40.821700,3720.000
3650520,-3.364200,-39.833900,2800.000
3650526,-4.377500,-40.549200,1550.000
3650530,-3.909200,-40.379700,2700.000
3650610,-6.324400,-40.161700,5960.000
3650620,-7.300000,-38.984700,3200.000
3650630,-5.595000,-39.381100,5200.000
3650634,-5.121900,-38.446400,17900.000
3650640,-6.557800,-39.508600,3700.000
3650649,-5.227500,-38.197800,48200.000
3650690,-4.500600,-38.360800,2000.000
3650730,-7.204400,-37.928100,4710.000
3650740,-6.111400,-38.200800,2050.000
3650745,-6.406700,-38.867200,12000.000
3650750,-6.378100,-37.352500,21350.000
3650755,-6.919200,-38.380800,1050.000
3650811,-5.630000,-35.421400,2450.000
3650840,-6.445000,-35.220600,3590.000
3650860,-6.851900,-35.163100,2910.000
3650881,-7.728300,-36.502500,5120.000
3650910,-7.754200,-35.233100,650.000
3650912,-7.613100,-35.064700,1250.000
3650920,-8.012800,-36.057800,2750.000
3650924,-7.942800,-35.634200,5110.000
3650925,-7.878900,-35.451900,5360.000
3650930,-8.299400,-35.995300,2009.000
3650940,-8.679400,-35.576900,4740.000
3650941,-8.497500,-35.915300,2610.000
3650970,-9.467200,-35.859700,3900.000
3650990,-10.031100,-36.303600,1380.000
3651300,-20.023900,-43.822800,1550.000
3651309,-17.594700,-44.713900,26500.000
3651400,-17.502500,-46.571100,7760.000
3651408,-16.906700,-45.382500,41300.000
3651410,-16.349400,-46.880000,5360.000
3651520,-14.423600,-44.483100,2380.000
3651530,-14.313600,-44.459400,6030.000
3651535,-14.260000,-44.152200,16300.000
3651550,-13.560000,-44.285560,9550.000
3651650,-12.410560,-45.122220,6350.000
3651660,-12.135830,-45.103330,5410.000
3651670,-12.430560,-45.085560,4810.000
3651678,-11.355280,-43.845560,46300.000
3651680,-11.235560,-43.949440,22100.000
3651720,-11.323330,-42.305560,3100.000
3651805,-14.757200,-43.932200,202000.000
3651806,-13.256940,-43.439170,271000.000
3651807,-11.558330,-43.282500,345000.000
3651860,-7.868300,-37.972800,4970.000
3651870,-8.527500,-38.166400,2260.000
3652010,-10.664170,-37.190280,1960.000
3652030,-10.973330,-39.632780,11825.000
3652039,-11.734720,-37.803330,35150.000
3652050,-10.943060,-37.346940,15740.000
3652060,-11.807220,-39.386390,6795.000
3652068,-12.233060,-39.046110,10560.000
3652080,-12.420830,-38.321670,3300.000
3652089,-12.511940,-38.066670,4860.000
3652110,-12.757220,-41.328890,9282.000
3652115,-12.840560,-41.322220,2517.000
3652120,-12.936110,-41.064440,1420.000
3652130,-12.515560,-39.848060,31488.000
3652200,-14.014720,-41.445280,3248.000
3652210,-14.612500,-41.138060,6980.000
3652230,-14.815000,-39.296110,3695.000
3652320,-15.558890,-39.308060,30360.000
3652350,-15.241390,-40.233330,2810.000
3652410,-17.579200,-42.995300,2535.000
3652419,-16.850300,-42.063100,16230.000
3652450,-16.138600,-40.306900,63300.000
3652455,-15.948300,-39.523600,67769.000
3652610,-20.361390,-43.139440,1371.000
3652660,-19.492500,-41.161670,8810.000
3652810,-23.368900,-45.902200,4935.000
3652850,-21.966400,-43.372500,3645.000
3652870,-21.389400,-42.696400,5858.000
3652880,-21.645280,-41.752220,46731.000
3652890,-21.753300,-41.300300,55500.000
3652910,-22.086390,-41.739170,626.000
3652955,-22.588600,-42.736400,287.000
3652980,-22.736900,-44.616700,22.000
3652985,-22.958300,-44.561100,597.000
3653620,-28.848900,-51.832500,1829.000
3653710,-30.961110,-53.488610,4069.000
3659105,-16.537500,-47.800560,4688.000
3669350,-26.948600,-52.182500,630.000
3669520,-28.181390,-54.738330,9426.000
3669600,-29.309200,-56.054700,42498.000
3669630,-29.768600,-55.787200,5942.000
